34061420012002
43551606022002
41431709022002
05421013022002
44421216022002
26271420022002
06411520022002
57091021022002
48231927022002
21341328022002
31441528022002
05100801032002
39461410032002
53071625032002
31511329032002
04041006042002
59151306042002
51211207042002
10061010042002
40581012042002
15421617042002
18220819042002
47291919042002
52461922042002
34351026042002
10091526042002
34311630042002
24331602052002
11261609052002
28581515052002
21411128052002
46301321062002
28311022062002
08321627062002
36030929062002
09451301072002
43421604072002
41401107072002
23280908072002
06411112072002
55281913072002
12311318072002
38520821072002
31391628072002
43131802082002
50481503082002
56000805082002
46150916082002
35361918082002
12390926082002
23011631082002
29511007092002
22171115092002
08061617092002
14490926092002
53021727092002
06311303102002
18191915102002
45411419102002
22430920102002
01011920102002
01191722102002
01391126102002
22581827102002
59161430102002
29041906112002
00011708112002
04011410112002
30581012112002
31421717112002
19280822112002
06101625112002
08100830112002
36221004122002
31081504122002
39191316122002
21560919122002
22551221122002
11111728122002
20331802012003
11401904012003
00571807012003
36021017012003
25241218012003
21361719012003
28301721012003
10421325012003
07551026012003
29241501022003
41521710022003
25131314022003
13471116022003
14101317022003
07091320022003
14450824022003
24101228022003
59231328022003
44301602032003
18361503032003
12501108032003
31510813032003
39311313032003
18141715032003
24411319032003
15341719032003
23331124032003
06391525032003
51311427032003
17511030032003
26211031032003
13091702042003
36160909042003
21301709042003
39520925042003
38471606052003
14141808052003
20231910052003
01431212052003
47451615052003
30440819052003
26151930052003
38331431052003
08150806062003
00431707062003
35151118062003
22140921062003
24390925062003
36511326062003
54331727062003
55561729062003
41391202072003
00451807072003
43191110072003
20261416072003
06491117072003
59201815082003
41221305092003
22330807092003
17391407092003
07501509092003
17431610092003
41481511092003
17091711092003
48551521092003
30431326092003
13511102102003
27000909102003
45061510102003
50331623102003
23500825102003
56001126102003
35020831102003
01381631102003
30051804112003
49221904112003
33211508112003
00191411112003
58191419112003
51121222112003
15180825112003
55130901122003
31071411122003
50410830122003
40291106012004
13591911012004
45261012012004
05351324012004
27011130012004
08250902022004
07211507022004
11391613022004
06341522022004
42241323022004
27370925022004
14101129022004
04031929022004
57221502032004
13131603032004
06291803032004
16281213032004
11481913032004
19321314032004
22181419032004
37101519032004
47141120032004
47081831032004
51101101042004
37381902042004
33530804042004
30241708042004
42401018042004
49571619042004
25340822042004
57211023042004
10111329042004
44431403052004
06451304052004
49161618052004
19200919052004
49251922052004
16170923052004
16451425052004
52171527052004
53191231052004
03291631052004
07081008062004
54190810062004
05061221062004
26041008072004
46381915072004
22261601082004
32540906082004
20500827082004
35391601092004
45421502092004
21571709092004
02570813092004
07411815092004
15341916092004
36441625092004
06080911102004
25330914102004
07420918102004
18271325102004
39420802112004
43161808112004
23401513112004
38581813112004
45411625112004
09151925112004
27051127112004
36301128112004
34380929112004
45161029112004
41431617122004
40061019122004
02251221122004
46491927122004
19251030122004
09241531122004